-432 887 768 653 845 501 539 718 -917 343 -270 -549 -987 15 982 | 585 -730 -131 490 104 645 24 857 -844 314 -599 -857 -628 535 129 | 247 -606 494 304 568 490 661 -20 -589 757 644 -836 -590 -627 -937
-719 539 -885 767 660 709 -749 -448 -407 -903 -588 -687 233 -572 -975 194 -630 352 486 | -971 -984 -451 -776 548 448 -883 -786 572 736 968 -312 -985 660 -963 734 742 767 -824 | -465 247 982 696 -841 543 -1 -214 489 359 -603 -107 573 -319 -882 653 -331 635 -551 | -547 973 -419 -583 -37 -608 785 -55 82 -418 345 517 562 -211 557 261 -261 616 312
-644 109 895 -674 788 354 558 | -279 937 670 569 -58 -213 651 | 219 -754 991 -974 -874 801 -439 | 304 -664 195 563 283 799 132 | -664 248 586 633 -500 366 -494
177 938 706 -772 -762 103 -570 596 -649 579 | 709 -613 899 917 -962 -902 -651 242 -424 274 | 636 493 108 -462 -193 15 486 -98 219 -948 | 728 -522 661 112 354 -877 61 -900 -408 307 | 579 -692 -662 363 -385 816 907 -730 845 -182
961 -878 -27 -694 604 273 -778 -294 148 15 -372 117 | -722 165 84 -848 143 -448 534 970 -689 -200 -280 -919 | -781 -530 -925 55 882 315 -638 957 -425 244 -647 351 | 161 -23 -495 -28 -167 -396 -993 54 322 684 418 934 | -260 91 -538 -638 190 -683 -927 595 -159 516 -335 -836 | -19 285 -748 955 512 122 -744 -199 -317 549 -723 308 | -52 719 960 800 -288 518 -222 -108 -474 -937 9 -778 | -444 -756 -123 480 582 -258 -150 994 798 -123 -913 -690
680 -851 753 -369 -818 -851 256 -508 | 820 213 -810 15 689 586 -972 443 | 758 -81 -965 -889 739 -685 666 739 | -107 -677 152 -647 -970 106 -55 -420 | -574 969 48 73 -365 546 -515 -115 | -887 -175 -475 304 -429 -778 -222 -366
576 -889 -193 715 734 329 -331 -424 348 724 709 724 -156 | 515 423 244 663 -611 134 -835 555 -586 -687 -902 263 193 | 812 874 -920 -180 -54 965 -370 580 93 359 44 351 -904 | 515 690 -734 -149 -639 449 538 777 -701 -68 445 807 -154 | 490 -561 246 -545 -701 792 -716 -725 241 896 -73 514 -663 | -564 -5 103 43 -383 70 -904 -785 -787 -506 409 512 -61 | -488 -918 301 976 84 77 772 988 -95 267 -892 -652 816
-413 35 -50 370 -537 468 -324 -706 208 397 995 -419 -378 -564 822 753 -523 -308 | 850 -775 217 171 -682 -248 -513 -394 -879 773 419 -953 234 -233 866 331 785 -636 | 406 -835 431 324 -605 -438 -464 787 833 406 -218 33 -562 114 591 -231 -495 -291 | 850 -68 182 -489 -45 -156 901 -635 749 637 554 720 -417 449 -899 99 -178 164
645 -354 478 -487 -756 -900 -865 133 | -760 -85 455 -517 -328 339 -193 69 | -74 748 537 597 -131 219 -830 420 | -107 -652 -584 -482 273 -413 -360 -128 | 946 -949 93 -69 -549 -29 -737 -463 | -148 -759 -65 463 -905 -341 -103 90 | 658 204 564 -326 571 499 -777 -482 | 374 -261 -606 289 -219 -942 -68 830 | -74 178 -465 -724 40 390 93 528 | 743 778 655 -180 -115 141 -726 479
-356 647 -385 -110 175 -408 -661 -408 637 296 -841 432 716 736 -490 | -826 469 409 -132 -208 -330 -153 -749 724 -220 -995 88 -525 -611 -767 | -652 -247 -259 -191 931 959 -582 514 187 136 -150 -807 468 -238 -397 | 925 70 -929 -771 -538 610 -197 664 -390 -896 964 -740 54 -407 -434
178 698 395 660 -588 -581 -95 -567 -710 -415 | -381 -432 -793 -906 338 -1000 -408 -527 -993 816 | 294 -451 319 -634 -987 150 -239 753 615 995 | -968 883 -253 -577 440 -693 43 -752 822 751 | 390 414 -951 -172 -293 -491 773 -364 58 618 | -568 -567 423 629 -752 247 -774 403 -358 308 | -360 208 -268 110 -681 346 851 834 -706 249
836 -648 865 821 265 -605 | 240 -190 -602 -995 923 123 | -621 -353 65 527 127 -410
-499 613 582 -963 59 483 464 475 -485 -511 448 -358 169 -242 286 -333 -444 -376 | 82 935 -282 -630 717 -44 567 -331 238 -602 294 -367 670 22 14 355 -792 -397 | -776 226 647 -564 537 956 589 488 986 994 -351 871 217 -825 712 -70 -804 -956 | -958 328 -614 589 895 -62 509 631 906 904 -521 -643 517 -685 -291 752 -333 -107 | 504 -682 260 -260 -494 -677 249 -461 480 -774 -1 -535 259 438 -382 -387 27 459 | -826 -704 -748 513 -625 146 162 -726 5 -993 -372 -590 -789 903 -348 -995 -66 -44 | -818 533 453 158 -997 953 -2 -287 -329 547 -623 -254 341 -659 947 -340 -341 -982 | 389 -126 -298 -876 264 -154 346 -360 -805 997 531 960 -942 -930 644 787 -717 525
654 -489 -787 361 -507 588 774 991 317 318 -516 -867 931 966 -105 | -171 60 -59 536 -510 498 -791 -427 -260 570 -789 393 -164 -922 -631 | 836 -799 -415 -854 927 -143 837 -51 427 -530 -683 -633 83 -89 782 | 618 -403 577 -788 -117 -628 -776 -672 -948 444 629 629 -983 -421 673 | 323 -632 685 -631 -329 -571 -545 929 936 871 -898 -956 396 -78 641 | -233 -331 -567 -990 98 810 -414 -828 -323 49 229 101 320 -385 971 | 138 -687 -662 -45 -19 -695 -819 -541 854 119 651 447 -240 -180 -655 | -951 309 992 -413 -847 -225 -431 786 -491 434 836 615 488 180 223 | 689 32 498 -380 413 295 -757 150 903 52 -942 515 459 665 -454 | 879 399 281 663 809 -637 314 285 -463 -684 369 -509 220 822 929
-764 -962 -966 -262 200 | -875 711 936 -447 260 | -915 -814 -614 4 40 | -226 -221 -300 851 -24
-736 11 -574 950 -682 819 -623 654 302 -96 -854 -229 294 -71 838 275 974 291 | 218 370 32 752 48 865 148 -507 350 -690 -795 396 316 640 -667 440 480 -82 | -710 43 -9 -636 787 431 531 -910 -264 428 887 -896 -791 981 805 -766 43 985 | -757 -39 -379 795 -398 859 -900 86 424 -106 -497 791 -551 299 678 -13 833 -831
953 -471 -761 -344 -638 | 560 566 -725 586 512 | -805 -369 932 -451 -855 | 831 -900 -735 669 -509 | 920 391 -56 613 -95 | 621 172 -79 -705 738 | -256 -14 85 116 -658 | -490 -975 943 756 691
-913 665 290 -691 -566 -425 338 752 248 -809 -561 -136 575 216 | 758 -329 -292 235 -898 358 -899 -77 883 -272 -992 -555 850 846 | -856 778 177 -659 -127 624 -238 -132 -132 340 -882 -56 -727 263 | -680 -180 -174 20 -254 654 -867 47 -259 887 892 668 -128 913 | 239 -770 -574 21 -253 -874 -568 -865 142 518 -223 956 707 -326
-873 605 899 972 -744 -636 614 13 -758 -472 | 590 647 -975 -795 125 371 936 -111 -554 927 | -972 274 -705 852 -571 -245 145 936 915 -819 | -910 -710 -166 984 -785 956 608 -937 957 978 | -147 -643 -308 965 543 847 -434 128 615 680 | 894 706 -580 773 -315 720 122 -252 -872 -367 | 20 654 -281 -813 -328 -855 -190 721 -169 -483 | -623 444 837 -63 -901 -530 -852 -501 -230 633
581 -612 -981 -81 -417 987 143 818 906 -858 -8 23 273 -614 | -537 -962 805 122 746 -734 -77 940 917 -900 689 -124 620 325 | -216 -190 -134 155 -346 769 -399 25 -145 -3 -810 -580 -191 794 | -250 799 598 -541 -212 609 -961 636 -41 634 -500 -86 413 806 | 260 642 -379 -568 856 -938 150 764 893 729 916 797 -682 160 | 320 197 469 -824 -124 -315 -63 -298 994 498 -836 540 789 938 | -58 -888 304 -868 714 -893 833 427 773 193 -163 -89 -794 133
1 2 3 4 | 5 6 7 8 | 9 10 11 12
819 316 -199 276 963 -431 168 591 88 843 | -667 490 -535 415 789 884 17 -894 -977 -332 | -517 167 443 130 736 529 55 -672 -283 200 | 931 526 -124 703 932 -433 742 -230 -43 -291 | -721 -841 -505 441 -103 119 -417 -34 237 -133 | 671 -656 -423 -179 -681 -851 822 237 134 -342 | 600 540 -863 -899 426 991 55 717 -929 212
983 -302 780 -602 455 886 907 17 977 351 -56 -832 -20 -227 -279 -519 559 -860 | 314 -758 971 -731 -71 -948 -631 -928 816 -207 583 -204 134 -800 -643 -580 583 -13 | 558 92 -947 -490 178 -360 -529 -767 -110 359 92 -284 662 -817 -288 -91 886 42 | -709 963 715 500 109 488 -206 -657 825 955 -879 -374 925 942 228 550 635 49 | -683 84 -636 -481 -776 -191 -737 -642 -123 -12 -598 -131 786 -307 26 -108 415 -189 | -866 -916 -532 678 -565 -669 940 687 -220 -15 -421 -556 172 -621 405 -979 859 -73 | 28 -648 678 347 -278 -467 157 -419 104 165 727 -746 776 235 -58 -109 157 -860 | 442 -739 -230 391 313 477 417 -315 873 -97 -398 564 430 912 413 948 362 711 | -979 -644 -795 55 -109 -476 496 -337 -803 347 -829 541 896 -22 207 -895 221 214
391 337 -528 -992 -577 -341 330 630 99 | 100 247 589 803 491 399 -794 -161 351 | 0 -652 -807 -340 249 85 903 -516 325 | -812 552 245 631 -613 -158 -655 -985 -435 | 530 -878 296 938 -412 -271 -18 910 212 | -976 733 -338 -650 969 -597 -982 -73 887 | -930 -548 -969 -634 -386 -161 576 714 -921
-4 -545 -425 3 170 327 855 -742 767 -33 | 729 -107 465 425 281 -989 -740 505 728 -530 | 25 955 -689 -922 -651 -213 314 -623 363 522 | 657 -363 365 -331 -531 803 724 605 782 -248
671 -914 690 -894 -220 913 -188 -178 -538 603 -113 -126 204 0 | -798 -55 -75 576 740 979 347 543 716 -880 246 756 -197 -890 | -775 -640 236 -457 889 173 838 703 -572 641 84 -37 288 -373 | -42 -256 -462 -261 816 241 -12 -47 -968 707 692 585 -887 501 | -569 -437 48 -871 808 -816 713 -284 -303 980 -889 -774 -982 874 | 130 -631 713 139 -803 -48 -679 638 -942 1000 696 -58 -574 442
336 -732 856 -462 394 -136 -807 | 363 735 302 62 -775 378 -364 | 810 -357 -947 794 534 674 -490 | 191 -530 -228 -823 567 106 -538 | -389 5 -495 879 730 316 -779 | 618 -227 -110 -57 -28 955 -698 | -521 -783 702 80 907 -976 -46
278 -322 -522 -374 -226 -453 90 955 -374 -579 -633 -705 450 884 838 111 178 514 | -826 -464 262 -386 776 -825 508 323 15 813 -221 854 293 -455 -505 475 21 315 | 384 145 -169 -843 117 -343 -340 -477 -187 239 -485 368 69 949 -265 -22 39 595 | -234 912 -389 -679 -794 -236 594 -473 -926 -344 571 384 374 516 -66 -749 -997 776 | -958 -593 -59 942 -926 -450 -529 804 -731 304 -290 -417 -582 452 986 -574 833 -974 | 85 126 -168 968 162 -675 874 544 694 -292 -794 985 40 802 144 126 56 57 | 237 373 226 964 -413 -61 -620 -834 -223 202 -512 -34 964 576 -885 902 -51 199 | 703 -87 207 32 -586 464 -121 33 -354 220 -385 599 253 297 522 -306 537 4
-220 -290 -910 -150 792 538 | -530 -259 533 955 896 242 | -615 -172 -955 -806 -371 -678 | 357 -375 24 916 750 -860
995 644 245 996 458 -306 -195 -407 193 366 -511 119 79 136 | -830 680 -627 -742 847 993 -77 473 -486 72 191 607 14 844 | 908 759 789 663 494 932 17 907 -601 76 -676 189 -657 276 | -202 -683 -788 -961 152 -29 -830 -695 815 344 247 -925 -968 -897 | 84 -74 -638 -78 -499 1000 954 -934 -106 509 67 831 -824 -165 | -487 -260 -334 -706 -430 878 -513 620 -15 -645 -166 -378 365 398 | -194 358 166 689 468 -136 -548 -615 -506 -306 298 -79 72 888
-181 -326 485 625 -945 -539 -228 843 582 734 238 -431 66 8 -473 | 251 835 -450 -712 697 -808 955 -705 753 983 832 -592 -193 -170 -563 | -509 -272 249 589 956 581 718 -667 229 401 -869 854 -274 -323 166 | -652 -795 588 -358 602 85 -658 -652 -497 -815 -695 -57 -25 512 -681 | 671 141 -472 -937 227 -932 -851 473 446 733 745 -747 -647 735 843 | -687 -701 -346 87 961 -930 -934 120 263 -98 466 634 -705 -450 -468 | -443 294 -691 672 320 -636 -736 472 514 -608 99 -523 -270 126 -586 | -208 -989 406 -579 -671 -609 959 -189 -297 -531 -173 916 703 -97 -986
762 -727 -779 307 -924 929 814 -784 24 -218 -278 965 -985 -907 91 -152 821 216 -515 | 426 -449 927 4 358 547 -568 284 812 912 528 653 576 -116 -722 725 597 179 -94 | 991 474 -367 386 570 -680 -743 181 66 747 -994 -939 -979 -879 507 936 -179 -94 556 | -673 143 11 328 -327 -701 -310 -536 337 500 -560 -861 865 947 410 -593 -931 -376 28 | -347 -839 30 -17 978 709 -165 675 852 849 -344 -104 916 -279 902 28 174 167 719
-573 -226 -524 -981 -132 | 92 -326 199 -198 488 | 799 469 823 141 853 | 779 -815 821 -280 993 | -758 -56 -644 376 531 | -906 652 -759 -271 -732 | -560 -957 -522 834 186 | -796 -839 -655 -325 307
-232 -783 153 -52 415 80 -732 -329 547 -207 -129 468 218 650 969 368 262 | 462 936 140 -568 424 481 148 264 -422 618 65 485 335 -983 -418 30 832 | -468 771 434 204 -112 -933 970 48 -507 884 699 698 -391 352 404 330 149 | -446 -758 -282 -244 105 797 344 485 -118 910 -798 483 575 246 -292 -807 858
-259 -657 -815 387 | -931 -631 -672 170 | -61 830 -957 -926 | 993 958 -503 -689 | -863 -698 907 -761 | 952 -222 -275 -609 | 489 707 770 -587
96 68 728 168 -687 -253 -375 -632 812 781 504 -336 -343 -244 227 | -13 901 374 -713 419 330 -277 -83 933 -469 533 -369 -506 -92 99 | -84 245 320 -412 -916 -802 708 462 -822 -693 -437 -474 -65 -145 -353 | -853 -260 540 381 -274 68 790 455 -686 -979 -715 -337 -629 445 908 | 577 -392 -719 -693 -286 826 -718 -601 -55 -391 852 22 418 991 -599
951 4 242 882 387 -357 -469 -369 | 874 136 -232 290 -736 427 485 -636 | 729 181 194 816 795 -92 -99 156 | 376 -357 213 432 -329 763 432 86 | 992 -100 644 -353 -13 -896 882 -148 | 682 418 170 -878 905 165 1000 -501 | 124 233 674 839 -454 587 155 740 | -410 -275 355 -989 42 827 -427 -824
-79 -770 -677 851 869 -60 -96 -684 -917 776 -480 -330 911 -208 -399 241 -167 -260 71 | 556 397 -361 -629 17 381 -300 573 -239 38 -550 -212 710 611 792 606 633 -857 -441 | -129 837 751 916 -544 954 -520 170 628 -447 -89 -190 563 -206 552 -418 -547 -328 683 | 367 369 863 397 137 -408 -559 434 743 -495 -325 -696 -698 -905 -139 -44 -570 -628 582 | 559 397 -624 262 340 -708 -693 -203 -258 -626 976 604 -457 -540 -651 -574 529 91 -598
1 2 3 4 | 5 6 7 8 | 9 10 11 12 | 100 200 300 400
-389 -3 -248 437 335 963 -439 | 897 -94 270 -851 -909 898 613 | -281 -538 735 -496 772 -29 262